1603412;5699
1603420;5999
1031715;5999
7919670;7299
1671556;6999
1671556;6999
1671556;6999
1671556;6999
1671556;6999
1671556;6999
1671556;6999
1671556;6999
1671556;6999
1671556;6999
8155454;34999
8155453;40999
141968;10499
141968;10499
141976;7699
141976;7699
141976;7699
141976;7699
141976;7699
1371911;5199
1371911;5199
1371911;5199
1371911;5199
1371911;5199
1371911;5199
1371911;5199
8142907;5499
8142907;5499
8163534;7199
1625546;5999
1625546;5999
1007099;5999
1007099;5999
1105074;5499
1105074;5499
1123237;6099
1228020;6499
1228020;6499
1029391;6999
1029391;6999
1029391;6999
1029391;6999
1029391;6999
1029391;6999
1029391;6999
1029391;6999
1623624;5499
8140903;7499
8140903;7499
8140903;7499
8160340;5999
8125791;5199
8125791;5199
8125791;5199
1141638;5399
1141638;5399
1141638;5399
6721701;6199
1148412;7999
1148412;7999
8119179;15999
8119179;15999
1095959;7499
1327431;5199
1327431;5199
1030071;12999
1030071;12999
8171836;6850
8113729;5999
8113729;5999
8171904;5950
1149912;5450
1201965;11999
8117596;6299
1201996;10199
6718500;6499
8125794;6299
8125794;6299
8125794;6299
8125794;6299
8145612;13999
8145612;13999
8145612;13999
8131134;6899
8131134;6899
8131134;6899
8131134;6899
8131134;6899
7998239;10899
7998239;10899
7998239;10899
7998239;10899
7998239;10899
7998239;10899
7998239;10899
8147779;8999
8147779;8999
1107578;7099
1222164;6999
1222164;6999
1247242;5799
1247242;5799
1247242;5799
1247242;5799
1247242;5799
1247247;5599
8128679;6399
1101384;9199
1101384;9199
1101384;9199
1101384;9199
1101384;9199
1101384;9199
1131869;7499
1141733;5999
1141733;5999
1141733;5999
1123215;8299
1123215;8299
1123215;8299
1123215;8299
1247270;5399
1247270;5399
8128714;5899
8128714;5899
8128714;5899
8128714;5899
1247318;5199
1247318;5199
1247303;5799
8142767;15799
1072072;5699
8119888;6199
8151337;10299
8151336;9899
8151336;9899
8151336;9899
8151336;9899
8123729;11299
1386450;10299
1358161;7399
1386495;5999
1019705;6099
1386476;5299
1386476;5299
1386476;5299
8123721;5699
6634022;8999
1358159;6599
1386483;8199
8115806;5999
1171414;5599
1171414;5599
1171414;5599
8119426;5150
1037428;5999
1037428;5999
1037428;5999
1223538;6999
1223540;6899
8156080;5499
1104614;6999
1104614;6999
1104614;6999
1104614;6999
8110434;5199
1219877;11499
1022674;16199
1022674;16199
1022674;16199
1022674;16199
1022674;16199
1136179;6850
1256970;10199
8127377;5299
8127377;5299
8127377;5299
8127377;5299
8127377;5299
1051035;18899
1051035;18899
1051030;21699
1051030;21699
1051030;21699
1051030;21699
1051030;21699
8123533;11599
8123533;11599
8163486;6599
8163486;6599
8163486;6599
8163486;6599
8163486;6599
8163486;6599
8163486;6599
8163486;6599
8116847;7699
8116847;7699
8154094;6050
8154094;6050
8154094;6050
8154094;6050
1230671;8299
1230671;8299
8169972;6599
8169972;6599
8169972;6599
8169972;6599
8169972;6599
8169972;6599
8169972;6599
8169972;6599
1616086;5999
1616086;5999
1616086;5999
1616086;5999
1616086;5999
1616086;5999
1616086;5999
1616086;5999
8132019;8499
1143340;11199
1143340;11199
1143340;11199
1143340;11199
1143340;11199
1143340;11199
1143340;11199
1143340;11199
1143340;11199
1143340;11199
1228465;5799
1228465;5799
1228465;5799
1228465;5799
1228465;5799
1228465;5799
1228465;5799
1228465;5799
1277955;7999
1277955;7999
1277955;7999
1277955;7999
1277955;7999
1277955;7999
1277955;7999
1277955;7999
1277955;7999
1277955;7999
1277955;7999
1074589;15999
8145131;10799
8145131;10799
8145131;10799
8145131;10799
8145131;10799
8145131;10799
8145131;10799
8145131;10799
1330609;5899
1330609;5899
1330609;5899
1330609;5899
1330609;5899
1330609;5899
1330609;5899
1330609;5899
1330609;5899
1330609;5899
1330609;5899
1228307;16699
1106712;8999
1106712;8999
1106712;8999
1106712;8999
1106712;8999
1106712;8999
1106712;8999
1106712;8999
1106712;8999
1233629;11699
8160969;8999
8160969;8999
8160969;8999
8160969;8999
8160969;8999
8160969;8999
8160969;8999
8132015;17999
8132015;17999
8132015;17999
8132015;17999
8132015;17999
8132015;17999
1039526;5399
1373871;6999
1373871;6999
1373871;6999
1150722;7199
1150722;7199
1150722;7199
1150722;7199
1043586;7499
1192954;5199
1192954;5199
1244308;7399
6730036;5650
6730036;5650
1260858;5299
1260858;5299
1260858;5299
1260858;5299
1260858;5299
1092531;10599
8153807;12599
8153807;12599
8153807;12599
8153807;12599
8153807;12599
8153807;12599
8153804;13299
8153804;13299
1142600;5599
8179621;5899
1373840;5150
1373840;5150
1373840;5150
1373840;5150
1373840;5150
1373840;5150
1092546;5999
1296935;11999
1145111;21499
1145111;21499
1145111;21499
1145111;21499
1145111;21499
1070289;6599
1070289;6599
1070289;6599
7998517;14299
7998517;14299
7998517;14299
6623033;6599
6623033;6599
6623033;6599
1208969;16999
1208969;16999
1208969;16999
1208969;16999
8105562;13699
8105562;13699
8105562;13699
1196471;7599
1196471;7599
1196467;5299
1024381;6199
6627197;14899
6627197;14899
8167283;21899
1300708;13999
1300708;13999
1300708;13999
1626506;11999
1626506;11999
1626506;11999
1626506;11999
1626536;18499
1626538;31199
1626538;31199
1626538;31199
1626538;31199
1626538;31199
1626538;31199
1626538;31199
1626538;31199
1626538;31199
1626538;31199
1626538;31199
1045665;31499
1045665;31499
1045665;31499
1045665;31499
1045665;31499
1045665;31499
1045665;31499
1045665;31499
1045665;31499
1045665;31499
1045665;31499
1045665;31499
1626585;56999
1230947;31499
1230947;31499
1230947;31499
1230947;31499
1230947;31499
1230947;31499
1230947;31499
1230947;31499
1230947;31499
1230947;31499
1321496;15999
1321496;15999
1626528;9999
1626528;9999
1626528;9999
1626528;9999
1626528;9999
1209283;13799
1209283;13799
1209283;13799
7912793;15699
7912793;15699
7912793;15699
7912793;15699
7912793;15699
7912793;15699
7912793;15699
7912793;15699
7912793;15699
7912793;15699
1110234;33899
1110234;33899
1110234;33899
1110234;33899
1110234;33899
1110234;33899
1110234;33899
1110234;33899
1110234;33899
1340017;13999
1340017;13999
1344357;23999
1344357;23999
1344357;23999
1344357;23999
1344357;23999
1344357;23999
1344357;23999
192477;11999
192477;11999
192477;11999
192477;11999
192477;11999
192477;11999
1292118;19499
1666907;5999
1666907;5999
1666907;5999
1666907;5999
1666907;5999
1666907;5999
1666907;5999
1374446;13999
1374447;17799
1684951;8999
1684951;8999
1684951;8999
1331563;24499
1331563;24499
1331563;24499
1331563;24499
1331563;24499
1245514;15999
1245514;15999
1245514;15999
1245514;15999
1245514;15999
1245514;15999
1245514;15999
1245514;15999
1245514;15999
1653505;10599
1653505;10599
1608014;11799
1608014;11799
1608014;11799
1608014;11799
1608014;11799
1331559;7299
1331552;6899
1238211;5999
1138020;6499
1138020;6499
1138020;6499
1138020;6499
8124043;5899
8124043;5899
8124043;5899
1242342;12799
1242345;13499
1242345;13499
1242345;13499
1242345;13499
1242345;13499
1161416;5799
1161416;5799
1396636;8799
1396636;8799
1396636;8799
1397680;5399
1066093;8999
1066093;8999
1066093;8999
1066093;8999
1066093;8999
1002632;21999
1002632;21999
1002632;21999
1002632;21999
1002632;21999
8118034;6399
1102148;99999
1102148;99999
1102148;99999
1102148;99999
1102148;99999
1102148;99999
1102148;99999
1640570;27499
1640570;27499
1257406;5199
1192819;25999
1192819;25999
1124369;51199
1124369;51199
1124369;51199
1103890;5899
1103890;5899
8139717;5199
1007661;5999
1105966;10999
1631050;5199
1631050;5199
1692610;7999
1692610;7999
1692610;7999
1692610;7999
1692610;7999
1651884;22999
1651884;22999
1651884;22999
1651884;22999
1651884;22999
1651884;22999
1651884;22999
1132528;9999
1132528;9999
1132528;9999
1132528;9999
1132528;9999
1272846;26999
1272846;26999
1272846;26999
1272846;26999
1299911;9999
1299911;9999
1299911;9999
1651899;7999
1651899;7999
1651899;7999
1651899;7999
1651899;7999
1651899;7999
1695512;25999
1695512;25999
1695512;25999
1695512;25999
1695512;25999
1695512;25999
1695512;25999
1695512;25999
1695512;25999
1695512;25999
1651887;16199
1651887;16199
1126664;5499
1126665;6799
1126665;6799
1126665;6799
1126665;6799
1126665;6799
1126665;6799
8163457;9650
8163457;9650
8163457;9650
8163457;9650
8156130;8799
8156130;8799
8156130;8799
8156130;8799
8156130;8799
8156130;8799
8156130;8799
1257049;8899
1257054;11499
1257054;11499
1257054;11499
1257054;11499
1257054;11499
1257054;11499
1257054;11499
1257054;11499
1022252;6599
1019743;7299
1019743;7299
1019743;7299
1019743;7299
1019743;7299
1098250;59999
1098250;59999
1098250;59999
1125265;15799
1125265;15799
1125265;15799
1125265;15799
1125265;15799
1125265;15799
1125265;15799
1125262;16999
1125262;16999
1125262;16999
1125262;16999
1248800;18299
1248800;18299
1248800;18299
1248800;18299
1248800;18299
1248800;18299
1248800;18299
1288058;16999
1288058;16999
1288058;16999
1288058;16999
1391142;20999
1391142;20999
1391142;20999
1391142;20999
1391142;20999
1337753;18999
1337753;18999
1337753;18999
1337753;18999
1337753;18999
1337753;18999
1297438;14999
1297438;14999
1297438;14999
1297438;14999
1297438;14999
1360047;25999
1360047;25999
1360047;25999
1360047;25999
1360047;25999
1360047;25999
1647929;28999
1647929;28999
1647929;28999
1647929;28999
1647929;28999
1159532;18099
1159532;18099
1159532;18099
1159532;18099
1159532;18099
1159532;18099
1077422;14899
1077422;14899
1077422;14899
1077422;14899
1077422;14899
1093717;15499
1093717;15499
1093717;15499
1093717;15499
1093717;15499
1093717;15499
1266398;16699
1266398;16699
1266398;16699
1266398;16699
1245661;18499
1245661;18499
1245661;18499
1245661;18499
1245661;18499
1245661;18499
8136027;16499
8136027;16499
8136027;16499
8136027;16499
8136027;16499
4713065;20499
4713065;20499
4713065;20499
4713065;20499
4713065;20499
4713065;20499
1334908;21999
1334908;21999
1334908;21999
1334908;21999
1231095;14999
1231095;14999
1231095;14999
1231095;14999
1231095;14999
1231095;14999
1157757;46499
1157757;46499
1157757;46499
1157757;46499
8142427;30999
8142427;30999
8142427;30999
8142427;30999
8142427;30999
8142427;30999
8142427;30999
8141472;42499
8141472;42499
8141472;42499
8141472;42499
1648575;24499
1648575;24499
1648575;24499
1648575;24499
1648575;24499
1648575;24499
1648575;24499
1648575;24499
1674869;73999
1674869;73999
1674869;73999
1391260;26999
1391260;26999
1391260;26999
1391260;26999
1391260;26999
1391260;26999
1391260;26999
1649355;30999
1649355;30999
1649355;30999
1649394;28599
1649394;28599
1649394;28599
1649394;28599
1649394;28599
1649394;28599
1649394;28599
1649394;28599
1250717;22499
1250717;22499
1250717;22499
8196774;22499
8196774;22499
8196774;22499
8196774;22499
8196774;22499
8196774;22499
8196774;22499
8196774;22499
7909990;20499
7909990;20499
1064935;16999
1064935;16999
1064935;16999
1064935;16999
1064935;16999
1064935;16999
1064935;16999
1030146;16999
1026349;16499
1026349;16499
7909941;33999
7909941;33999
7909941;33999
7909941;33999
7909941;33999
7909941;33999
7909941;33999
7909941;33999
8120618;19499
8120618;19499
1356137;14999
1356137;14999
1356137;14999
1356137;14999
1356137;14999
1356137;14999
1356137;14999
1356137;14999
1356137;14999
156548;12999
156548;12999
156548;12999
156548;12999
156548;12999
156548;12999
156548;12999
156548;12999
156548;12999
156548;12999
1677364;34999
1677364;34999
1677364;34999
1677364;34999
1677364;34999
1677364;34999
1677364;34999
1677364;34999
8156011;35399
8156011;35399
8156011;35399
8156011;35399
1353813;35999
1353813;35999
1353813;35999
1353813;35999
1353813;35999
1353813;35999
1353813;35999
1353813;35999
1353813;35999
1353813;35999
1037517;21999
1037517;21999
1037517;21999
1037517;21999
1037517;21999
1037517;21999
1037517;21999
1037517;21999
1037517;21999
1037517;21999
1085256;36999
1085256;36999
1085256;36999
1085256;36999
1085256;36999
1085256;36999
1085256;36999
1085256;36999
1085256;36999
1085256;36999
1085256;36999
1085256;36999
1126957;39999
1126957;39999
1126957;39999
1126957;39999
1126957;39999
1126957;39999
1126957;39999
1126957;39999
1126957;39999
1126957;39999
8137412;28999
1063745;39999
1063745;39999
1063745;39999
1063745;39999
1063745;39999
1063745;39999
1063745;39999
1063745;39999
1063745;39999
1063745;39999
1063745;39999
4701300;27599
4711507;22699
4711507;22699
4711507;22699
4711507;22699
4711507;22699
4711507;22699
4711507;22699
4711507;22699
4711507;22699
4711507;22699
1375377;24199
1399558;29999
1399558;29999
1399558;29999
1399558;29999
1399558;29999
1399558;29999
1399558;29999
1399558;29999
1399558;29999
1618901;52999
1618901;52999
1618901;52999
1618901;52999
1618901;52999
1618901;52999
1618901;52999
1618901;52999
1618901;52999
1618901;52999
1606675;6299
1021995;39999
1021995;39999
1021995;39999
1021995;39999
1021995;39999
1021995;39999
1021995;39999
1021995;39999
1021995;39999
1383013;29999
1383013;29999
1383013;29999
1329723;83999
1329723;83999
1329723;83999
1329723;83999
1329723;83999
1329723;83999
1329723;83999
1329723;83999
1329723;83999
1329723;83999
1329723;83999
1119558;5199
1256216;7199
1256216;7199
1256216;7199
1256216;7199
1220752;5499
1220752;5499
6631535;5999
6631535;5999
1045251;5199
8164790;7199
8164790;7199
8164790;7199
8164790;7199
8164790;7199
1260546;6699
1260546;6699
1192457;6699
1192457;6699
1613838;5499
1613838;5499
1613838;5499
1613838;5499
1613838;5499
1613838;5499
1613838;5499
1613838;5499
1613838;5499
1613838;5499
8146778;9999
1268299;18799
1268299;18799
1219790;9850
1360928;5599
1279478;7599
1279480;6499
1279475;7199
1279475;7199
1125942;19799
1125942;19799
1125942;19799
1125942;19799
1389089;6999
1389089;6999
1389089;6999
1389089;6999
1633473;8999
1633473;8999
1633473;8999
1633473;8999
1633473;8999
1633473;8999
1633473;8999
8120846;29799
1281153;21999
1281153;21999
1281153;21999
1281153;21999
1369080;19999
1369080;19999
1369080;19999
1369080;19999
1369080;19999
1369080;19999
1369080;19999
1369080;19999
8146650;20499
8146650;20499
8146650;20499
8146650;20499
8146650;20499
8146650;20499
8146650;20499
8146650;20499
8146650;20499
8137396;9999
8137396;9999
8137396;9999
8137396;9999
8137396;9999
8137396;9999
8137396;9999
8137396;9999
8137396;9999
8137396;9999
1366789;25999
1366789;25999
1366789;25999
1366789;25999
1366789;25999
1366789;25999
1366789;25999
1366789;25999
1366789;25999
1366789;25999
1366789;25999
1399213;39999
1399213;39999
1399213;39999
1399213;39999
1399213;39999
1399213;39999
1399213;39999
1399213;39999
1399213;39999
1399213;39999
1620724;15999
8145380;7999
8145380;7999
8145380;7999
8145380;7999
8145380;7999
8145380;7999
8145380;7999
8152870;7999
8152870;7999
8152870;7999
8152870;7999
8174030;9999
8174030;9999
8174030;9999
8174030;9999
8174030;9999
8174030;9999
1123545;6399
1123545;6399
1123545;6399
1123545;6399
1123545;6399
1123545;6399
1333561;7050
1274726;19999
1274726;19999
1274726;19999
1274726;19999
1274726;19999
1274726;19999
1061340;6399
1061340;6399
1061340;6399
7916801;5399
7916801;5399
1088090;5999
8151713;14299
8151713;14299
8151713;14299
8151713;14299
8151713;14299
8151713;14299
8151713;14299
8151713;14299
8151713;14299
8151713;14299
1090757;5250
8117034;5599
8117034;5599
8117034;5599
1143621;18299
8142470;5199
8146587;9499
8146587;9499
8146587;9499
8146587;9499
1291048;8799
1291048;8799
1291048;8799
1291048;8799
1291048;8799
1627156;5799
1627156;5799
1627156;5799
1627156;5799
8192772;5199
8190935;5299
8190935;5299
8190935;5299
8190935;5299
8190935;5299
8190935;5299
1124186;5499
1124186;5499
1124186;5499
8171596;10899
1125999;5999
1125999;5999
1125999;5999
1125999;5999
1125999;5999
1125999;5999
1125999;5999
1125999;5999
1053337;10999
1684523;6899
1684523;6899
1684523;6899
1684523;6899
1684523;6899
1684523;6899
1684523;6899
1684523;6899
1684523;6899
1684523;6899
1684523;6899
1098430;5999
1098430;5999
1098430;5999
1098430;5999
1098430;5999
1098430;5999
1098430;5999
1098430;5999
1098387;5899
1098387;5899
1104740;10099
1104740;10099
1104740;10099
1098436;8499
1098445;7250
1098445;7250
1098445;7250
1098445;7250
1098445;7250
1098445;7250
1098445;7250
4704061;7999
4704061;7999
4704061;7999
4704061;7999
4704061;7999
4704061;7999
1695253;6999
1695253;6999
1695253;6999
1695253;6999
1695253;6999
1695253;6999
1695253;6999
1192470;29999
1192470;29999
1192470;29999
1192470;29999
1192470;29999
1192470;29999
1192470;29999
1192470;29999
1192470;29999
1678818;29999
1678818;29999
1678818;29999
1678818;29999
1678818;29999
1678818;29999
1678818;29999
8195003;19999
8195003;19999
8159571;36999
8159571;36999
8159571;36999
8159571;36999
8159571;36999
8159571;36999
8159571;36999
1677144;15999
1677144;15999
1677144;15999
1677144;15999
1677144;15999
1677144;15999
1677144;15999
1677144;15999
1677144;15999
4721107;10599
4721107;10599
4721107;10599
4721107;10599
4721107;10599
1375723;27999
1169104;29999
1169104;29999
1169104;29999
1169104;29999
1169104;29999
1600081;9599
1600081;9599
1600081;9599
1600081;9599
1600081;9599
1600081;9599
1600081;9599
1600081;9599
1600081;9599
1600081;9599
1600081;9599
8190315;7599
8190315;7599
8190315;7599
8190315;7599
1116984;9999
1116984;9999
1116984;9999
1116984;9999
1116984;9999
1674261;34999
1674261;34999
1674261;34999
1127359;22799
1127359;22799
1127359;22799
1127359;22799
1127359;22799
1127359;22799
1127359;22799
1690837;14999
1690837;14999
1690837;14999
1631051;20999
1631051;20999
8155074;7299
8155074;7299
8155074;7299
1201122;5499
1689525;7999
1217671;12999
1278456;26599
1280547;18999
1280547;18999
1280547;18999
1280547;18999
1280547;18999
1280547;18999
1280547;18999
1304161;19899
1304161;19899
1304161;19899
1304161;19899
1116419;8199
8104367;11899
8104367;11899
8104367;11899
8104367;11899
8135753;9799
8135753;9799
8135753;9799
8135753;9799
8135753;9799
8135753;9799
8135753;9799
8135753;9799
8135753;9799
1157437;7899
1157437;7899
1281946;5599
1281946;5599
1281946;5599
1281946;5599
1281946;5599
1156357;14999
1156357;14999
6610260;19999
6610260;19999
6610260;19999
6610260;19999
6610260;19999
6610260;19999
6610260;19999
6610260;19999
6610260;19999
6610260;19999
1193453;6999
1193453;6999
1193453;6999
1193453;6999
1193453;6999
1193453;6999
1193453;6999
1193453;6999
1193453;6999
1147177;5250
1147177;5250
1147177;5250
6631892;7799
6631892;7799
6631892;7799
6631892;7799
6631892;7799
1140446;9999
1298155;5899
1298155;5899
1040779;6750
1040779;6750
1040779;6750
1040779;6750
1040779;6750
1040779;6750
1040779;6750
1040779;6750
1040779;6750
8160048;8299
8160048;8299
8160048;8299
8160048;8299
8160048;8299
8160048;8299
8160048;8299
8160048;8299
8160048;8299
8160048;8299
1015515;17999
1015515;17999
1015515;17999
1225667;11499
1225667;11499
1225667;11499
159619;29499
1289887;20999
1289887;20999
1289887;20999
1289887;20999
1289887;20999
1289887;20999
1070072;44999
1148342;14399
1148342;14399
1210614;12999
1210614;12999
1210614;12999
1210614;12999
1210614;12999
8168411;41999
8168411;41999
8168411;41999
8168411;41999
8168411;41999
8168411;41999
8168411;41999
8168411;41999
1366002;42999
1366002;42999
1366002;42999
1366002;42999
1366002;42999
1366002;42999
8156986;23999
8156986;23999
8156986;23999
4713638;16999
4713638;16999
4713638;16999
4713638;16999
4713638;16999
4713638;16999
4713638;16999
4713638;16999
8159616;15399
8146984;18599
8146984;18599
8146984;18599
8146984;18599
8146984;18599
8146984;18599
8146984;18599
8146984;18599
8110983;10299
8110983;10299
8110983;10299
8110983;10299
8110983;10299
8110983;10299
8110983;10299
8110983;10299
8110983;10299
8157880;17999
8157880;17999
8154754;20899
8154754;20899
8154754;20899
8154754;20899
8154754;20899
8154754;20899
1289889;15599
1289889;15599
1289889;15599
1289889;15599
1074536;21999
1074536;21999
1074536;21999
1074536;21999
1074536;21999
1104974;24999
1104974;24999
1104974;24999
1104974;24999
1104974;24999
1104974;24999
1104974;24999
1104974;24999
1210616;10499
1210616;10499
1210616;10499
1210616;10499
1210616;10499
1210616;10499
1210616;10499
1210616;10499
1113751;25999
1113751;25999
1113751;25999
1113751;25999
1113751;25999
1113751;25999
1113751;25999
6634653;21999
6634653;21999
6634653;21999
6634653;21999
6634653;21999
6634653;21999
6634653;21999
6634653;21999
6634653;21999
1277642;20999
1277642;20999
1277642;20999
1277642;20999
1277642;20999
1277642;20999
1277642;20999
1277642;20999
1216612;22499
1216612;22499
1216612;22499
1216612;22499
1216612;22499
1216612;22499
1216612;22499
1216612;22499
1166579;14499
1166579;14499
1166579;14499
8159620;13799
8159620;13799
8159620;13799
8159620;13799
8159620;13799
8124049;27499
8124049;27499
8124049;27499
8124049;27499
8124049;27499
1111010;13699
1111010;13699
1111010;13699
1111010;13699
8110986;14999
8110986;14999
8110986;14999
8110986;14999
8110986;14999
8110986;14999
8110986;14999
8110986;14999
145486;21999
145486;21999
145486;21999
145486;21999
145486;21999
145486;21999
145486;21999
145486;21999
8117878;13999
8117878;13999
8117878;13999
8117878;13999
8117878;13999
8117878;13999
8117878;13999
8117878;13999
8117878;13999
1198378;5399
1198378;5399
1198378;5399
1681428;16299
1681428;16299
1681428;16299
1234662;25499
1234662;25499
1234662;25499
1234662;25499
1234662;25499
1234662;25499
1234662;25499
1669982;22499
1669982;22499
1669982;22499
1669982;22499
1669982;22499
1669982;22499
1669982;22499
1669982;22499
8123405;14499
1179963;27099
1179963;27099
1179963;27099
1179963;27099
1274062;22399
1274062;22399
1274062;22399
1274062;22399
1274062;22399
1274062;22399
1274062;22399
1274062;22399
8135924;51999
8135924;51999
1137749;36999
1137749;36999
1137749;36999
1137749;36999
1137749;36999
1137749;36999
1670334;30999
1670334;30999
1670334;30999
1670334;30999
1670334;30999
1670334;30999
1670334;30999
1670334;30999
1670334;30999
1605912;29399
1605912;29399
1605912;29399
1605912;29399
1605912;29399
1605912;29399
1605912;29399
1605912;29399
1139601;31999
1139601;31999
1139601;31999
1139601;31999
1139601;31999
1139601;31999
1139601;31999
1139601;31999
1071271;26799
1071271;26799
1071271;26799
1071271;26799
1071271;26799
1071271;26799
1071271;26799
1173814;34999
1173814;34999
8189741;19999
8189741;19999
8189741;19999
8189741;19999
8189741;19999
8189741;19999
8189741;19999
8189741;19999
8189741;19999
8136330;32999
8136330;32999
8136330;32999
8136330;32999
8136330;32999
8136330;32999
8136330;32999
8136330;32999
1382633;22999
1382633;22999
1382633;22999
1382633;22999
1382633;22999
1382633;22999
1382633;22999
1382633;22999
1382633;22999
1393263;40999
1393263;40999
1393263;40999
1393263;40999
1393263;40999
1393263;40999
1393263;40999
1393263;40999
1195395;31199
1195395;31199
1195395;31199
1195395;31199
1195395;31199
1195395;31199
1195395;31199
1195395;31199
1195395;31199
1195395;31199
1194300;71999
1194300;71999
1194300;71999
1147010;9999
1147010;9999
1147010;9999
1147010;9999
1147010;9999
1147010;9999
8120716;15299
8120716;15299
8120716;15299
8120716;15299
8120716;15299
8152677;5999
8152677;5999
8152677;5999
8152677;5999
8152677;5999
8152677;5999
8152677;5999
8152677;5999
8152677;5999
8152677;5999
1147053;10499
1147053;10499
8159968;9799
8159968;9799
8159968;9799
8159968;9799
8159968;9799
8159968;9799
8159968;9799
1147015;6999
1147015;6999
1147015;6999
1217276;6899
1217276;6899
1217276;6899
1217276;6899
1217276;6899
1217276;6899
1217276;6899
1217276;6899
1217276;6899
1217276;6899
1217276;6899
1217276;6899
1217276;6899
1217276;6899
1217276;6899
1217276;6899
1217276;6899
8189979;13799
1106651;29699
1138240;10499
1138240;10499
1138240;10499
1138240;10499
1138240;10499
1374245;21999
1374245;21999
1374245;21999
1393907;19899
1393907;19899
1393907;19899
1393907;19899
1393907;19899
1611851;6399
1611851;6399
1611851;6399
1611851;6399
1611851;6399
8122357;11499
8122357;11499
8122357;11499
8122357;11499
8122357;11499
8122357;11499
8122357;11499
8132856;10499
7905919;8499
7905919;8499
7905919;8499
7905919;8499
7905919;8499
7905919;8499
8127822;14999
8127822;14999
8127822;14999
8127822;14999
1128755;8999
1128755;8999
1182428;6999
1182428;6999
1182428;6999
1182428;6999
1182428;6999
8122554;6999
1220273;79499
1220273;79499
8146639;67399
1147113;5799
1147113;5799
1243014;10399
1148212;6699
1147149;6799
1147149;6799
1147149;6799
8140414;7799
8140415;6999
8140415;6999
1244910;6799
1244910;6799
1244910;6799
1244910;6799
1244910;6799
1244910;6799
1244910;6799
1223414;40499
1223414;40499
1223414;40499
1223414;40499
1183412;7499
1220328;10299
1220328;10299
1220328;10299
1220328;10299
1220328;10299
1220328;10299
1220328;10299
1611857;7199
1222073;5499
1222073;5499
1222073;5499
1222073;5499
1222073;5499
1222073;5499
1222073;5499
1222073;5499
1222073;5499
8157923;7499
8157923;7499
8157923;7499
8157923;7499
8157923;7499
8157923;7499
8157923;7499
8157923;7499
1128683;9999
1128680;13499
1128679;13499
1128679;13499
1128679;13499
1128679;13499
1128679;13499
1128679;13499
8156549;16499
8156549;16499
8156549;16499
8156549;16499
1147140;6999
1147140;6999
1147140;6999
1147140;6999
1147131;6999
1147131;6999
1147131;6999
1147131;6999
1147131;6999
1147131;6999
1147131;6999
1147131;6999
1147131;6999
8192992;5150
1220398;7599
1220398;7599
1220398;7599
1220398;7599
1220398;7599
1220398;7599
1220398;7599
1220398;7599
8127273;8699
8127273;8699
8127273;8699
8127273;8699
8127273;8699
8127273;8699
1256364;5950
1256364;5950
1256364;5950
1256364;5950
1256364;5950
1256364;5950
1256364;5950
1126801;5899
1126801;5899
1126801;5899
1126801;5899
1126801;5899
1126801;5899
1126801;5899
1091953;7199
1091953;7199
1091953;7199
1091953;7199
1091953;7199
1091953;7199
1091953;7199
1091953;7199
1091953;7199
8160391;5999
8160391;5999
8160391;5999
8160391;5999
8160391;5999
8160391;5999
1115633;12899
1115633;12899
1115633;12899
1115633;12899
1115633;12899
1115633;12899
1115633;12899
1115633;12899
1115633;12899
1115633;12899
8179051;17999
8179051;17999
8179051;17999
8179051;17999
8179051;17999
8179051;17999
8179051;17999
8179051;17999
1626068;24999
1626068;24999
1626068;24999
1626068;24999
1626068;24999
1626068;24999
1626068;24999
1626068;24999
1626068;24999
1626068;24999
1033799;78999
1033799;78999
1033799;78999
1033799;78999
1033799;78999
1033799;78999
1033799;78999
1033799;78999
1033799;78999
1033799;78999
1614839;38999
1614839;38999
1614839;38999
1614839;38999
1612390;40999
1612390;40999
1612390;40999
1612390;40999
1612390;40999
8141923;15899
8118214;12799
8118214;12799
8118214;12799
8118214;12799
8118214;12799
1093430;10499
1093430;10499
1093430;10499
8147145;16699
8147145;16699
8147145;16699
8147145;16699
8147145;16699
8147145;16699
8147145;16699
8147145;16699
8147145;16699
1015442;18999
1015442;18999
1015442;18999
1015442;18999
1015442;18999
1015442;18999
1015442;18999
1129381;25999
1129381;25999
8137517;31499
8137517;31499
8137517;31499
8137517;31499
8137517;31499
8137517;31499
8137517;31499
8137517;31499
8137517;31499
8137517;31499
8168419;35499
8168419;35499
8168419;35499
8168419;35499
8168419;35499
8168419;35499
8168419;35499
8168419;35499
8168419;35499
8168419;35499
1038963;21699
1038963;21699
1038963;21699
1038963;21699
1038963;21699
1038963;21699
1038963;21699
1038963;21699
1038963;21699
1351397;20999
1351397;20999
1351397;20999
1351397;20999
1351397;20999
1351397;20999
1351397;20999
1351397;20999
1351397;20999
1351397;20999
8141502;46499
8141502;46499
8141502;46499
8141502;46499
8141502;46499
8141502;46499
8141502;46499
8141502;46499
8141502;46499
6607091;16999
6607091;16999
6607091;16999
6607091;16999
6607091;16999
6607091;16999
6607091;16999
6607091;16999
6607091;16999
6607091;16999
7906842;28999
7906842;28999
7906842;28999
1299624;29999
1299624;29999
1299624;29999
1299624;29999
1299624;29999
1299624;29999
1299624;29999
1148662;20699
1148662;20699
1148662;20699
1148662;20699
1148662;20699
1148662;20699
1148662;20699
1148662;20699
1148662;20699
4721510;29999
4721510;29999
4721510;29999
4721510;29999
4721510;29999
4721510;29999
4721510;29999
4721510;29999
4721510;29999
1083374;15999
1083374;15999
1083374;15999
1083374;15999
1083374;15999
1083374;15999
1083374;15999
1083374;15999
1083374;15999
1083374;15999
8161377;36399
8161377;36399
8161377;36399
8161377;36399
8161377;36399
8161377;36399
8146989;39999
8146989;39999
8146989;39999
8138427;15999
8138427;15999
8138427;15999
8138427;15999
8138427;15999
8138427;15999
8138427;15999
8138427;15999
8138427;15999
8138427;15999
8138427;15999
8158575;21799
8158575;21799
8158575;21799
8158575;21799
8158575;21799
8158575;21799
8158575;21799
8158575;21799
8158575;21799
8136882;29999
8136882;29999
8136882;29999
8136882;29999
8136882;29999
8136882;29999
8136882;29999
8136882;29999
8136882;29999
8136882;29999
8164781;33499
8164781;33499
8164781;33499
8164781;33499
8164781;33499
8164781;33499
8164781;33499
8164781;33499
8164781;33499
8164781;33499
8189996;18999
8189996;18999
8189996;18999
8189996;18999
8189996;18999
8189996;18999
8189996;18999
8189996;18999
8189996;18999
8189996;18999
1033881;21499
1033881;21499
1033881;21499
1033881;21499
1033881;21499
1033881;21499
1033881;21499
1026557;7199
1601949;10699
1601949;10699
1601949;10699
1601949;10699
1601949;10699
1601949;10699
1014248;5499
1014248;5499
1014248;5499
1014248;5499
1014248;5499
1014248;5499
1014248;5499
1014248;5499
8123029;6699
8123029;6699
1038139;6699
1038139;6699
1038139;6699
1020889;6999
1020889;6999
1020889;6999
1020889;6999
1612145;6299
1612145;6299
1612145;6299
1640898;16499
1640898;16499
1640898;16499
1640898;16499
1640898;16499
1640898;16499
1640898;16499
1640898;16499
8117221;7999
8117221;7999
8117221;7999
8117221;7999
8107630;9499
8107630;9499
8107630;9499
8107630;9499
8107630;9499
8107630;9499
8107630;9499
8107630;9499
8107630;9499
8107630;9499
8107630;9499
8137771;7599
8137771;7599
8137771;7599
8137771;7599
1381643;8999
1381643;8999
1381643;8999
1381643;8999
1381643;8999
1381643;8999
1381643;8999
6676048;9999
6676048;9999
6676048;9999
6676048;9999
6676048;9999
6676048;9999
6676048;9999
1121851;12299
1121851;12299
1121851;12299
1121851;12299
1121851;12299
1121851;12299
1154164;5499
1154164;5499
1154164;5499
1154164;5499
1154164;5499
1154164;5499
1154164;5499
1154164;5499
1154164;5499
1154164;5499
1154164;5499
1154164;5499
1154164;5499
1154164;5499
1154164;5499
1154164;5499
4729771;13999
4729771;13999
4729771;13999
4729771;13999
4729771;13999
4729771;13999
4729771;13999
4729771;13999
4729771;13999
8120805;23799
8120805;23799
8120805;23799
8120805;23799
8120805;23799
8120805;23799
1266599;5299
1266599;5299
1266599;5299
1266599;5299
1266599;5299
7993216;8899
7993216;8899
7993216;8899
8123016;13799
8123016;13799
8123016;13799
8123016;13799
8123016;13799
8123016;13799
8123016;13799
8123016;13799
8130888;9999
8130888;9999
8130888;9999
8130888;9999
8130888;9999
8130888;9999
8130888;9999
1606878;7999
1606878;7999
1606878;7999
1606878;7999
1234393;10999
1234393;10999
1234393;10999
1388743;8199
1388743;8199
1388743;8199
1388743;8199
1388743;8199
1388743;8199
1388743;8199
1388743;8199
1388743;8199
1388743;8199
1640886;19999
1640886;19999
1640886;19999
1640886;19999
1640886;19999
1640886;19999
1640886;19999
1151902;8499
1151902;8499
1151902;8499
1151902;8499
1151902;8499
1151902;8499
1690702;6999
1690702;6999
1690702;6999
1690702;6999
1690702;6999
1690702;6999
1690702;6999
1310339;5499
1310339;5499
1310339;5499
1310339;5499
1310339;5499
1310339;5499
8192610;5999
1133484;5499
1133484;5499
1114132;6850
1114132;6850
1114132;6850
1114132;6850
1114132;6850
1114132;6850
1114132;6850
1114132;6850
8146600;14999
8146600;14999
8146600;14999
8146600;14999
8146600;14999
8146600;14999
8146600;14999
8146600;14999
8146600;14999
8146600;14999
8146600;14999
8146600;14999
8146600;14999
1234393;10999
8122458;8199
1043454;6099
7932885;8799
7932885;8799
1135734;5250
1135734;5250
1211030;5799
1211796;5399
1211796;5399
1054006;10999
1054006;10999
1054006;10999
1054006;10999
1054006;10999
1054006;10999
1054006;10999
1259515;8999
1259515;8999
1259515;8999
1259515;8999
1259515;8999
1259515;8999
1611503;6999
1611503;6999
1611503;6999
1611503;6999
1335877;21999
1335877;21999
1335877;21999
1335877;21999
1335877;21999
1335877;21999
1118186;25999
1118186;25999
1118186;25999
1118186;25999
1118186;25999
1118186;25999
1118186;25999
1118186;25999
1118186;25999
1698999;34999
1698999;34999
1698999;34999
1698999;34999
1698999;34999
1698999;34999
1698999;34999
1698999;34999
1698999;34999
1698999;34999
1383121;29999
1383121;29999
1383121;29999
1383121;29999
1383121;29999
1383121;29999
1383121;29999
1383121;29999
1383121;29999
8164156;29499
8164156;29499
8164156;29499
8164156;29499
8164156;29499
8164156;29499
8164156;29499
8164156;29499
8164156;29499
8164156;29499
4712190;16199
4712187;15599
4712187;15599
4712187;15599
4712187;15599
4712187;15599
8122514;26899
8122514;26899
8122514;26899
8122514;26899
1100699;16299
1100699;16299
1100699;16299
1100699;16299
1100699;16299
1100699;16299
1100699;16299
1100699;16299
1100699;16299
1395487;25499
1395487;25499
1395487;25499
1395487;25499
1395487;25499
1395487;25499
1395487;25499
1395487;25499
4713429;24999
4713429;24999
4713433;19999
8107544;8699
8107544;8699
8107544;8699
8107544;8699
8107544;8699
8107544;8699
8107544;8699
8107544;8699
7905366;8999
7907536;6299
7907536;6299
8152848;6999
8131639;5299
8131639;5299
8131639;5299
8131639;5299
8131639;5299
8131639;5299
8131639;5299
1102849;6999
1102849;6999
1102849;6999
1102849;6999
1102849;6999
1101479;5499
1101479;5499
1221964;7299
1221964;7299
1221964;7299
1221964;7299
1220614;10299
1220614;10299
1220614;10299
1084273;5299
1084273;5299
1084273;5299
1009848;5299
1009848;5299
8117057;13799
8117057;13799
8117057;13799
1078091;8999
1078093;8999
1078093;8999
1078093;8999
1078093;8999
1078093;8999
1078093;8999
1078093;8999
1273526;5999
1273526;5999
1273526;5999
1273526;5999
1273526;5999
1273526;5999
1389038;21999
1389037;23999
1389037;23999
1389037;23999
1389037;23999
1389037;23999
1389037;23999
1389037;23999
1389037;23999
1389037;23999
1389037;23999
1389037;23999
1239053;34999
1239053;34999
1239053;34999
1239053;34999
1239053;34999
1239053;34999
1239053;34999
1239053;34999
1239053;34999
1239053;34999
1357630;29999
1357630;29999
1357630;29999
1357630;29999
1357630;29999
1357630;29999
1357630;29999
1357630;29999
8122867;6599
8122867;6599
8122867;6599
8122867;6599
8122867;6599
8117052;7999
1201682;10799
1201682;10799
1137649;6950
1185932;5450
1161526;16999
1161526;16999
1121583;13399
1121583;13399
1121583;13399
1121583;13399
1223801;6650
1223801;6650
1223801;6650
1223801;6650
1223801;6650
1223801;6650
1600184;6499
1600184;6499
1051757;6299
1051757;6299
1051757;6299
8178845;5499
8178845;5499
8178845;5499
8178845;5499
1338180;5650
1338180;5650
1338180;5650
1338180;5650
1338180;5650
1338180;5650
1338180;5650
1338180;5650
1386296;5899
1677109;6799
1677109;6799
1677109;6799
1677109;6799
1677109;6799
1677109;6799
1677109;6799
8121380;5499
8121380;5499
8121380;5499
8121380;5499
8121380;5499
8121380;5499
1665693;5999
1665693;5999
1665693;5999
6616266;6850
6629712;5899
6629712;5899
6629712;5899
6629712;5899
1106929;16399
7925509;8799
1010580;9999
1014332;5299
1014332;5299
1014332;5299
1014332;5299
1311723;9999
1117282;6999
1117283;6999
1117283;6999
1117283;6999
1117283;6999
1117283;6999
1117283;6999
1014806;5199
1130451;7499
1130451;7499
1371450;5999
1371450;5999
1371450;5999
1371450;5999
1371450;5999
1195297;6999
1195297;6999
1372058;6199
1372058;6199
1339543;6199
1339543;6199
8115674;5399
1363958;8399
174096;5499
8101481;5750
8101481;5750
8101481;5750
8101481;5750
8172004;8999
8172004;8999
8172004;8999
8172004;8999
8172004;8999
8172004;8999
8172004;8999
8172004;8999
8172004;8999
8172004;8999
1125409;8199
1125409;8199
1125409;8199
1125409;8199
8116343;8999
8116343;8999
8116343;8999
8128380;6050
8128380;6050
8128380;6050
8128380;6050
8128380;6050
8128380;6050
8128380;6050
8128380;6050
8147905;6999
8147905;6999
8147905;6999
8147905;6999
8147905;6999
8147905;6999
8135985;10299
8135985;10299
8135985;10299
8135985;10299
1247530;7999
1247530;7999
4700528;6199
4700528;6199
4700528;6199
4700528;6199
4700528;6199
4700528;6199
4700528;6199
4700528;6199
4700528;6199
4700528;6199
1121263;10199
1121263;10199
1121263;10199
1121263;10199
1121263;10199
1350491;8499
1350491;8499
1350491;8499
1350491;8499
1350491;8499
1350491;8499
8189881;6599
8111609;5399
8111609;5399
1018901;5250
1018909;8199
1018909;8199
1018909;8199
1018909;8199
1018909;8199
1018909;8199
1018909;8199
1018909;8199
1644519;6999
1644519;6999
1644519;6999
1644519;6999
1644519;6999
1644519;6999
1644519;6999
1644519;6999
8157986;5699
8157986;5699
8157986;5699
8157986;5699
8157986;5699
1292710;9999
1292710;9999
1292710;9999
1292710;9999
1206390;6999
1206390;6999
1206390;6999
1206390;6999
1206390;6999
8156305;6499
8147805;7999
8156306;6499
8156306;6499
8156306;6499
8156306;6499
8156306;6499
8156307;9650
8156307;9650
8156307;9650
8156307;9650
1368639;6999
1368639;6999
1368639;6999
1368639;6999
1368639;6999
1368639;6999
1368639;6999
7911911;7199
1216959;8299
1216959;8299
1216959;8299
1216959;8299
1216959;8299
1216959;8299
1261827;8499
1261827;8499
1261827;8499
1261827;8499
1261827;8499
1129754;10999
1129754;10999
1129754;10999
1129754;10999
1129754;10999
1129754;10999
1129754;10999
1129754;10999
1129735;8999
1129735;8999
1129735;8999
1129735;8999
1129735;8999
1129735;8999
1129735;8999
1129735;8999
1129735;8999
8173423;5699
8173423;5699
8173423;5699
8173423;5699
8173423;5699
8173423;5699
8173423;5699
8152822;5499
8152822;5499
8152822;5499
8152822;5499
8152822;5499
8152822;5499
8152822;5499
8152822;5499
8166012;7499
8166012;7499
8166012;7499
8166012;7499
8166012;7499
8166012;7499
8166012;7499
8166012;7499
8166012;7499
1005647;7699
1005647;7699
1005647;7699
1005647;7699
1005647;7699
1005647;7699
1005647;7699
1005647;7699
1005647;7699
1654139;13999
1654139;13999
1654139;13999
1654139;13999
1654139;13999
1654139;13999
1654139;13999
1654139;13999
1654139;13999
1654139;13999
1109734;10999
1109734;10999
1188052;5999
1188052;5999
1188052;5999
1188052;5999
1188052;5999
1188052;5999
8195144;5099
8195144;5099
8192169;6350
8192169;6350
8192169;6350
8192169;6350
8192171;5699
8192171;5699
8192171;5699
8141530;6099
8141530;6099
8141530;6099
8141530;6099
1010122;7299
1010122;7299
1310158;9199
1310158;9199
1310158;9199
1310158;9199
1310158;9199
1120769;8099
1120769;8099
1120769;8099
1120769;8099
1120769;8099
1120769;8099
1020483;6799
1020483;6799
1020483;6799
1020483;6799
1020483;6799
1020483;6799
8167740;13299
8167740;13299
1377520;5999
1377520;5999
1377520;5999
1377520;5999
1377520;5999
1377520;5999
1377520;5999
1377520;5999
1377520;5999
1350294;11899
1350294;11899
1350294;11899
1350294;11899
1350294;11899
1350294;11899
1350294;11899
1350294;11899
1137856;17299
1137856;17299
1137856;17299
1247840;12499
1247840;12499
1247840;12499
1247840;12499
1247840;12499
1247840;12499
1247840;12499
1247840;12499
1247840;12499
1247840;12499
1247840;12499
8125569;17999
8125569;17999
1170964;9050
1170964;9050
8104439;7550
8104439;7550
8104439;7550
8104439;7550
8104439;7550
8109423;12799
8107127;5999
8107127;5999
8107127;5999
8107127;5999
1009385;8399
4700488;5599
4700488;5599
4700488;5599
4700488;5599
4700488;5599
1284062;5499
1284062;5499
1284062;5499
8141513;27499
8141513;27499
8141513;27499
8141513;27499
8141513;27499
8141513;27499
8141513;27499
8141513;27499
8141513;27499
1378972;21399
1378972;21399
1378972;21399
1378972;21399
1378972;21399
1378972;21399
1378972;21399
1378972;21399
1378972;21399
1227562;13499
1227562;13499
1227562;13499
1227562;13499
1227562;13499
1227562;13499
1227562;13499
1227562;13499
1227562;13499
1227562;13499
1190241;41999
1190241;41999
1190241;41999
1190241;41999
1190241;41999
1190241;41999
1190241;41999
1190241;41999
1190241;41999
1089405;16899
1089405;16899
1089405;16899
1089405;16899
1089405;16899
1089405;16899
1089405;16899
1089405;16899
1089405;16899
1388919;35599
1388919;35599
1388919;35599
1388919;35599
1388919;35599
1388919;35599
8141512;11199
8141512;11199
8141512;11199
8122072;47999
8122072;47999
8122072;47999
8122072;47999
8122072;47999
8122072;47999
8122072;47999
1135329;32999
1135329;32999
1013412;22199
1013412;22199
1013412;22199
1013412;22199
1013412;22199
1013412;22199
1013412;22199
1013412;22199
1013412;22199
1013412;22199
176131;18599
176131;18599
176131;18599
176131;18599
176131;18599
176131;18599
176131;18599
176131;18599
176131;18599
1357282;25999
1357282;25999
1357282;25999
1357282;25999
1357282;25999
1357282;25999
1357282;25999
1357282;25999
1357282;25999
1019295;29999
1019295;29999
1019295;29999
1019295;29999
1019295;29999
1019295;29999
1019295;29999
1019295;29999
1019295;29999
1019295;29999
1179893;18099
1179893;18099
1179893;18099
1179893;18099
1179893;18099
8152768;13999
8152768;13999
8152768;13999
8152768;13999
8152768;13999
8152768;13999
8152768;13999
8152768;13999
1114278;6450
1114278;6450
1114278;6450
1114278;6450
1114278;6450
1114278;6450
1114278;6450
8113509;6950
8113509;6950
8113509;6950
8113509;6950
8113509;6950
1269713;6399
1269713;6399
1269713;6399
1269713;6399
1269713;6399
8109925;12799
8109925;12799
8109925;12799
8109925;12799
8109925;12799
1049450;5399
1049450;5399
1049450;5399
1049450;5399
1049450;5399
8115300;8999
8115300;8999
8115300;8999
8115300;8999
8115300;8999
8115300;8999
8143238;5499
8152771;8999
1136474;5999
1136474;5999
1136474;5999
1136474;5999
1114187;5650
1114187;5650
1114187;5650
1050932;7150
1050932;7150
1050932;7150
1050932;7150
1050932;7150
1050932;7150
8194668;8999
8194668;8999
8189246;8999
8155234;15999
8155234;15999
8155234;15999
1368204;5599
1019944;7199
8168377;5399
8168377;5399
1102719;7350
1102719;7350
1698777;6299
1698777;6299
1622819;10999
1622819;10999
1622819;10999
1622857;19999
1622857;19999
1622857;19999
1622857;19999
1622857;19999
1622857;19999
1622857;19999
1622857;19999
1622857;19999
1622857;19999
1622857;19999
7914768;59999
7914768;59999
7914768;59999
7914768;59999
7914768;59999
7914768;59999
7914768;59999
7914768;59999
7914768;59999
8120623;25999
8120623;25999
8120623;25999
8120623;25999
8120623;25999
8120623;25999
8120623;25999
8120623;25999
8120623;25999
8120623;25999
8120623;25999
1360843;23999
1360843;23999
1360843;23999
1360843;23999
1360843;23999
1360843;23999
1360843;23999
1360843;23999
1360843;23999
1360843;23999
1360843;23999
178680;17499
178680;17499
178680;17499
178680;17499
178680;17499
178680;17499
178680;17499
178680;17499
178680;17499
8173202;59999
8173202;59999
8173202;59999
8173202;59999
8173202;59999
8173202;59999
8173202;59999
8173202;59999
8173202;59999
8173202;59999
8173202;59999
8173202;59999
1249155;22399
1249155;22399
1249155;22399
1249155;22399
1249155;22399
1249155;22399
1249155;22399
1249155;22399
1249155;22399
1249155;22399
1249155;22399
1009446;22199
1009446;22199
1009446;22199
1009446;22199
1009446;22199
1009446;22199
1009446;22199
1009446;22199
1009446;22199
1009446;22199
1009446;22199
1009458;24899
1009458;24899
1009458;24899
1009458;24899
1009458;24899
1009458;24899
1009458;24899
1009458;24899
1009458;24899
1009458;24899
1009458;24899
1281341;20499
1281341;20499
1281341;20499
1281341;20499
1281341;20499
1281341;20499
1281341;20499
1281341;20499
1281341;20499
1281341;20499
1281341;20499
1374356;18199
1374356;18199
1374356;18199
1374356;18199
1374356;18199
1374356;18199
1374356;18199
1374356;18199
1374356;18199
1374356;18199
1672168;36999
1672168;36999
1672168;36999
1672168;36999
1672168;36999
1672168;36999
1672168;36999
1672168;36999
1672168;36999
1672168;36999
1672168;36999
1672168;36999
1684194;55999
1684194;55999
1684194;55999
1684194;55999
1684194;55999
1684194;55999
1684194;55999
1684194;55999
1684194;55999
1684194;55999
8191519;27499
8191519;27499
8191519;27499
8191519;27499
8191519;27499
8191519;27499
1391535;14999
1391535;14999
1391535;14999
1391535;14999
1622894;20999
1622894;20999
1622894;20999
1622894;20999
1622932;25999
1622932;25999
1622932;25999
1622932;25999
1622932;25999
1622932;25999
1622952;39999
1622952;39999
1622952;39999
1622952;39999
1622952;39999
1622952;39999
1622952;39999
1622952;39999
1622952;39999
1622952;39999
1319863;8499
1319863;8499
1319863;8499
1319863;8499
1319867;11999
1319867;11999
1319867;11999
1319867;11999
1319867;11999
1319867;11999
1137327;44999
1137327;44999
1137327;44999
1137327;44999
1137327;44999
1137327;44999
1137327;44999
1137327;44999
1137327;44999
1137327;44999
8146722;37499
8146722;37499
8146722;37499
1116736;49999
1116736;49999
1116736;49999
1116736;49999
1116736;49999
1116736;49999
1116736;49999
1116736;49999
1245337;69999
1245337;69999
1245337;69999
1245337;69999
1245337;69999
1245337;69999
1245337;69999
1245337;69999
1245337;69999
1245337;69999
1245337;69999
8111273;21799
8111273;21799
8111273;21799
8111273;21799
8111273;21799
8111273;21799
8111273;21799
8111273;21799
8111273;21799
8111273;21799
8111273;21799
8157136;69999
8157136;69999
8157136;69999
8157136;69999
8157136;69999
8157136;69999
8157136;69999
8157136;69999
8157136;69999
8157136;69999
1260603;41499
1260603;41499
1260603;41499
1260603;41499
1117947;27999
1117947;27999
1117947;27999
1117947;27999
1117947;27999
1117947;27999
1343186;28999
1343186;28999
1343186;28999
1343186;28999
1343186;28999
1343186;28999
1343186;28999
1343186;28999
1343186;28999
1343186;28999
1343186;28999
1343186;28999
1343114;24999
1343114;24999
1343114;24999
1343114;24999
1343114;24999
1343114;24999
1343114;24999
1343114;24999
1343114;24999
1343114;24999
1394334;38999
1615001;40999
1615001;40999
1615001;40999
1615001;40999
1615001;40999
1615001;40999
1615001;40999
1615001;40999
1615001;40999
1615001;40999
8157449;42899
1394329;44999
1394329;44999
1394329;44999
1394329;44999
1394329;44999
1394329;44999
1394329;44999
1394329;44999
1394329;44999
1394329;44999
7975134;56999
7975134;56999
7975134;56999
7975134;56999
7975134;56999
7975134;56999
7975134;56999
7975134;56999
7975134;56999
7975134;56999
7975134;56999
7975134;56999
6706278;24499
6706278;24499
6706278;24499
6706278;24499
6706278;24499
6706278;24499
6706278;24499
6706278;24499
6706278;24499
6706278;24499
6706278;24499
8135895;18299
8135895;18299
8135895;18299
8135895;18299
8135895;18299
8135895;18299
8135895;18299
8135895;18299
8135895;18299
8135895;18299
8135895;18299
8135895;18299
1011926;21999
1011926;21999
1049049;34099
1049049;34099
1049049;34099
1049049;34099
1049049;34099
1049049;34099
1049049;34099
1049049;34099
4706784;40999
4706784;40999
4706784;40999
4706784;40999
4706784;40999
4706784;40999
4706784;40999
4706784;40999
4706784;40999
4706784;40999
4706784;40999
1011852;39899
1011852;39899
4706766;56999
4706766;56999
4706766;56999
4706766;56999
4706766;56999
4706766;56999
4706766;56999
4706766;56999
4706766;56999
1370276;51999
1370276;51999
1370276;51999
1370276;51999
1370276;51999
1370276;51999
1370276;51999
1370276;51999
1370276;51999
1370276;51999
1370276;51999
8109351;21299
8109351;21299
8109351;21299
1229646;16899
1229646;16899
1229646;16899
1229646;16899
1229646;16899
1229646;16899
1229646;16899
1229646;16899
1229646;16899
8106128;8999
8106128;8999
8106128;8999
8106128;8999
8106128;8999
8106128;8999
8106128;8999
8106128;8999
8106128;8999
8106128;8999
8106128;8999
8106128;8999
8115531;13699
8115531;13699
8115531;13699
8115531;13699
8115531;13699
8115531;13699
8115531;13699
8115531;13699
8115531;13699
8115531;13699
8115531;13699
8115531;13699
1626655;21399
1626655;21399
1626655;21399
1626655;21399
1626655;21399
1626655;21399
1626655;21399
1626655;21399
1626655;21399
1626655;21399
1626655;21399
8115591;27299
8115591;27299
8115591;27299
8115591;27299
8115591;27299
8115591;27299
8115591;27299
8115591;27299
8115591;27299
8115591;27299
8115591;27299
